MEME version 4.9.0 (Release date: Wed Oct  3 11:07:26 EST 2012)

ALPHABET= ACDEFGHIKLMNPQRSTVWY

Background letter frequencies (from dataset with add-one prior applied):
A 0.191 C 0.026 D 0.028 E 0.052 F 0.023 G 0.048 H 0.004 I 0.037 K 0.066 
L 0.057 M 0.032 N 0.018 P 0.047 Q 0.025 R 0.058 S 0.086 T 0.071 V 0.113 
W 0.001 Y 0.017 


MOTIF 1	width =    6   sites = 113   llr = 513   E-value = 4.4e-030

BL   MOTIF 1 width=6 seqs=113
log-odds matrix: alength= 20 w= 6 n= 620 bayes= 1.69117 E= 4.4e-030 
  -543   -457    -11   -563    -29   -233   -247    258   -576     21    -71    194   -234   -143   -557   -299    -94    212   -154   -354 
     4    168   -305   -310   -469   -446    127   -468     16   -238   -475   -230   -225    -25    227     86     77   -258   -227   -388 
   128    305   -686   -719   -526   -511   -418   -468    -92   -157    245   -530   -661   -599   -710    -44   -277   -339   -337   -549 
    89   -581     43    -38   -447     12    130   -453   -312   -155    166   -207   -472    192    -33     30   -247   -137   -210    199 
    74   -582   -116    -11   -447    139    -95    -51     79    -36   -173     23   -135     59   -360    -86    -39    -16   -210    -82 
  -141   -584    178    258   -133   -215    -94   -193     98   -235   -173     23    -42     59   -215   -193    111   -206   -211     62 
letter-probability matrix: alength= 20 w= 6 nsites= 113 E= 4.4e-030 
 0.000000  0.000000  0.026549  0.000000  0.017699  0.008850  0.000000  0.230088  0.000000  0.061947  0.017699  0.070796  0.008850  0.008850  0.000000  0.008850  0.035398  0.504425  0.000000  0.000000 
 0.203540  0.088496  0.000000  0.000000  0.000000  0.000000  0.008850  0.000000  0.070796  0.008850  0.000000  0.000000  0.008850  0.017699  0.292035  0.159292  0.123894  0.017699  0.000000  0.000000 
 0.469027  0.221239  0.000000  0.000000  0.000000  0.000000  0.000000  0.000000  0.035398  0.017699  0.176991  0.000000  0.000000  0.000000  0.000000  0.061947  0.008850  0.008850  0.000000  0.000000 
 0.371681  0.000000  0.035398  0.035398  0.000000  0.053097  0.008850  0.000000  0.000000  0.017699  0.106195  0.000000  0.000000  0.097345  0.044248  0.106195  0.008850  0.044248  0.000000  0.070796 
 0.336283  0.000000  0.008850  0.044248  0.000000  0.132743  0.000000  0.026549  0.115044  0.044248  0.008850  0.017699  0.017699  0.035398  0.000000  0.044248  0.053097  0.106195  0.000000  0.008850 
 0.070796  0.000000  0.097345  0.327434  0.008850  0.008850  0.000000  0.008850  0.132743  0.008850  0.008850  0.017699  0.035398  0.035398  0.008850  0.017699  0.159292  0.026549  0.000000  0.026549 
MEME version 4.9.0 (Release date: Wed Oct  3 11:07:26 EST 2012)

ALPHABET= ACDEFGHIKLMNPQRSTVWY

Background letter frequencies (from dataset with add-one prior applied):
A 0.191 C 0.026 D 0.028 E 0.052 F 0.023 G 0.048 H 0.004 I 0.037 K 0.066 
L 0.057 M 0.032 N 0.018 P 0.047 Q 0.025 R 0.058 S 0.086 T 0.071 V 0.113 
W 0.001 Y 0.017 


MOTIF 2	width =    5   sites =  50   llr = 297   E-value = 1.9e-005

BL   MOTIF 2 width=5 seqs=50
log-odds matrix: alength= 20 w= 5 n= 775 bayes= 3.95975 E= 1.9e-005 
  -124   -461   -182    -74     66    -28      2   -314     34      5   -338   -111     24   -130      7    157     88     17    -98   -259 
  -677   -538   -734   -777   -468   -757   -595    354   -814   -121   -462   -632   -784   -738   -158   -779   -562    218   -452   -592 
  -432    147   -280   -285    -13   -376    227   -214   -131   -100   -290   -190   -428     70    213    125     15     86    -76   -260 
    22    448   -633   -705   -614   -395   -425   -629   -756   -633   -651   -472   -573   -569     75    -95   -167   -243   -377   -629 
   182   -210    -92   -353   -292     -3   -137   -281   -207   -285     65   -247   -482     95   -395    -27   -299   -277    -67    -34 
letter-probability matrix: alength= 20 w= 5 nsites= 50 E= 1.9e-005 
 0.080000  0.000000  0.000000  0.020000  0.040000  0.040000  0.000000  0.000000  0.080000  0.060000  0.000000  0.000000  0.060000  0.000000  0.060000  0.280000  0.140000  0.140000  0.000000  0.000000 
 0.000000  0.000000  0.000000  0.000000  0.000000  0.000000  0.000000  0.440000  0.000000  0.020000  0.000000  0.000000  0.000000  0.000000  0.020000  0.000000  0.000000  0.520000  0.000000  0.000000 
 0.000000  0.080000  0.000000  0.000000  0.020000  0.000000  0.020000  0.000000  0.020000  0.020000  0.000000  0.000000  0.000000  0.040000  0.280000  0.220000  0.080000  0.220000  0.000000  0.000000 
 0.220000  0.600000  0.000000  0.000000  0.000000  0.000000  0.000000  0.000000  0.000000  0.000000  0.000000  0.000000  0.000000  0.000000  0.100000  0.040000  0.020000  0.020000  0.000000  0.000000 
 0.640000  0.000000  0.020000  0.000000  0.000000  0.060000  0.000000  0.000000  0.020000  0.000000  0.080000  0.000000  0.000000  0.080000  0.000000  0.080000  0.000000  0.000000  0.000000  0.020000 
MEME version 4.9.0 (Release date: Wed Oct  3 11:07:26 EST 2012)

ALPHABET= ACDEFGHIKLMNPQRSTVWY

Background letter frequencies (from dataset with add-one prior applied):
A 0.184 C 0.034 D 0.024 E 0.040 F 0.023 G 0.053 H 0.003 I 0.030 K 0.067 
L 0.061 M 0.037 N 0.018 P 0.041 Q 0.028 R 0.059 S 0.084 T 0.063 V 0.124 
W 0.010 Y 0.017 


MOTIF 3	width =    7   sites =  47   llr = 310   E-value = 9.7e-005

BL   MOTIF 3 width=7 seqs=47
log-odds matrix: alength= 20 w= 7 n= 477 bayes= 1.31727 E= 9.7e-005 
    62   -411   -462   -451   -260     92   -117     -5   -505    -99   -312   -332     56   -395   -490     76     72     87   -364   -290 
   -60   -509    139   -133    -15    -34     80   -309    -33   -131   -366    377     52   -128    139    -77   -267    -12   -374   -256 
   221   -432   -522   -559   -515   -362   -286   -491   -649   -535   -572   -419   -533    108   -617   -161    -55   -522   -564   -545 
    63   -505     15    114    132   -117     78   -299     91      1    244    -98    -89   -131   -253    -77   -268   -444   -372   -256 
    75   -426   -247   -235   -248     57      9   -165   -130    103    109     41    -93   -220   -335   -163     70   -337   -338    314 
  -257   -500    283    -26     77    195     76    -45      8   -128    -81     60     -2    185   -255   -272   -268     45   -370   -255 
  -260   -522    299    295   -343   -335     68     39    110   -338   -377   -107     92   -135   -263   -147   -119   -157    252   -268 
letter-probability matrix: alength= 20 w= 7 nsites= 47 E= 9.7e-005 
 0.297872  0.000000  0.000000  0.000000  0.000000  0.106383  0.000000  0.021277  0.000000  0.021277  0.000000  0.000000  0.063830  0.000000  0.000000  0.148936  0.106383  0.234043  0.000000  0.000000 
 0.127660  0.000000  0.063830  0.000000  0.021277  0.042553  0.000000  0.000000  0.042553  0.021277  0.000000  0.276596  0.063830  0.000000  0.170213  0.042553  0.000000  0.127660  0.000000  0.000000 
 0.872340  0.000000  0.000000  0.000000  0.000000  0.000000  0.000000  0.000000  0.000000  0.000000  0.000000  0.000000  0.000000  0.063830  0.000000  0.021277  0.042553  0.000000  0.000000  0.000000 
 0.319149  0.000000  0.021277  0.085106  0.063830  0.021277  0.000000  0.000000  0.127660  0.063830  0.234043  0.000000  0.021277  0.000000  0.000000  0.042553  0.000000  0.000000  0.000000  0.000000 
 0.340426  0.000000  0.000000  0.000000  0.000000  0.085106  0.000000  0.000000  0.021277  0.127660  0.085106  0.021277  0.021277  0.000000  0.000000  0.021277  0.106383  0.000000  0.000000  0.170213 
 0.021277  0.000000  0.191489  0.021277  0.042553  0.234043  0.000000  0.021277  0.063830  0.021277  0.021277  0.021277  0.042553  0.106383  0.000000  0.000000  0.000000  0.191489  0.000000  0.000000 
 0.021277  0.000000  0.212766  0.340426  0.000000  0.000000  0.000000  0.042553  0.148936  0.000000  0.000000  0.000000  0.085106  0.000000  0.000000  0.021277  0.021277  0.042553  0.063830  0.000000 
