MEME version 4.9.0 (Release date: Wed Oct  3 11:07:26 EST 2012)

ALPHABET= ACDEFGHIKLMNPQRSTVWY

Background letter frequencies (from dataset with add-one prior applied):
A 0.132 C 0.021 D 0.021 E 0.028 F 0.029 G 0.055 H 0.030 I 0.019 K 0.042 
L 0.062 M 0.016 N 0.020 P 0.044 Q 0.050 R 0.116 S 0.147 T 0.067 V 0.053 
W 0.012 Y 0.035 


MOTIF 1	width =    4   sites = 130   llr = 739   E-value = 7.7e-065

BL   MOTIF 1 width=4 seqs=130
log-odds matrix: alength= 20 w= 4 n= 2094 bayes= 2.55117 E= 7.7e-065 
 -1156   -971   -863   -991   -993   -900   -982  -1009  -1017  -1027  -1074   -919   -945  -1066    311  -1167  -1075  -1110   -942  -1027 
   -31    328     30   -214    131     90      5   -377    -99   -268   -373    206     25   -206   -181   -140     99   -463    -72     11 
  -417   -364   -301   -153    296   -441     62   -224   -363    -13    243   -292   -430   -173   -495   -452   -416   -338    -49    387 
   171   -422   -288   -125   -463     25   -181   -107   -180   -262     -2   -276   -241   -224   -510    124    -80   -368     20   -493 
letter-probability matrix: alength= 20 w= 4 nsites= 130 E= 7.7e-065 
 0.000000  0.000000  0.000000  0.000000  0.000000  0.000000  0.000000  0.000000  0.000000  0.000000  0.000000  0.000000  0.000000  0.000000  1.000000  0.000000  0.000000  0.000000  0.000000  0.000000 
 0.107692  0.215385  0.023077  0.000000  0.076923  0.107692  0.030769  0.000000  0.015385  0.007692  0.000000  0.084615  0.053846  0.007692  0.030769  0.053846  0.138462  0.000000  0.007692  0.038462 
 0.001015  0.000161  0.000158  0.007909  0.246380  0.000426  0.046383  0.000146  0.000324  0.062018  0.100119  0.000154  0.000339  0.015767  0.000893  0.001134  0.000519  0.000409  0.007787  0.507958 
 0.430769  0.000000  0.000000  0.007692  0.000000  0.069231  0.007692  0.007692  0.007692  0.007692  0.015385  0.000000  0.007692  0.007692  0.000000  0.376923  0.038462  0.000000  0.015385  0.000000 
MEME version 4.9.0 (Release date: Wed Oct  3 11:07:26 EST 2012)

ALPHABET= ACDEFGHIKLMNPQRSTVWY

Background letter frequencies (from dataset with add-one prior applied):
A 0.135 C 0.022 D 0.021 E 0.027 F 0.029 G 0.052 H 0.031 I 0.025 K 0.040 
L 0.068 M 0.015 N 0.019 P 0.042 Q 0.051 R 0.115 S 0.145 T 0.072 V 0.051 
W 0.009 Y 0.030 


MOTIF 2	width =    8   sites = 139   llr = 939   E-value = 2.0e-141

BL   MOTIF 2 width=8 seqs=139
log-odds matrix: alength= 20 w= 8 n= 726 bayes= 1.38909 E= 2.0e-141 
    26   -587    -33   -220    112    -54    -50    -76   -162     31   -375     29    -24    106   -160     93    -31   -170    159   -478 
   -43     67   -528   -474   -390   -127   -205    141     49     59     62   -440    -96   -179    -13   -103     25    236    -32   -100 
  -549   -417   -418   -439   -522   -482   -144   -398   -138   -469   -411   -309   -448   -203    302   -581   -516   -320   -350   -505 
    26    305   -107   -219    112     27     65   -426    -26    -44     53    173    -54    -18    -82   -297     13   -465    -37     69 
  -148    -73   -314     -3    229   -101   -118   -137   -365     49    204   -122   -431    -98   -501   -116   -292    -84    -13    376 
    76   -421   -329    -89   -465    -45   -125   -172   -350   -482    -18   -229   -247   -262   -540    200    -18   -468    -53   -480 
  -287   -588    126    129   -506     -8    239   -426   -267    -90    -92     29   -147   -219   -487     66    179   -118    217   -478 
   -53   -589    160    143    -43    235    -50   -427    124    -10    -92     29    -54    -70   -342   -362    -15    -80    258     22 
letter-probability matrix: alength= 20 w= 8 nsites= 139 E= 2.0e-141 
 0.165468  0.000000  0.014388  0.000000  0.064748  0.035971  0.021583  0.014388  0.007194  0.086331  0.000000  0.021583  0.035971  0.107914  0.035971  0.287770  0.057554  0.014388  0.028777  0.000000 
 0.100719  0.035971  0.000000  0.000000  0.000000  0.021583  0.007194  0.064748  0.057554  0.100719  0.021583  0.000000  0.021583  0.014388  0.107914  0.071942  0.086331  0.266187  0.007194  0.014388 
 0.000000  0.000000  0.000000  0.000000  0.000000  0.000000  0.014388  0.000000  0.007194  0.000000  0.000000  0.000000  0.000000  0.014388  0.956835  0.000000  0.000000  0.007194  0.000000  0.000000 
 0.165468  0.194245  0.007194  0.000000  0.064748  0.064748  0.050360  0.000000  0.028777  0.050360  0.021583  0.064748  0.028777  0.043165  0.064748  0.014388  0.079137  0.000000  0.007194  0.050360 
 0.051329  0.014548  0.000153  0.028974  0.136896  0.029154  0.007420  0.007376  0.000289  0.108402  0.072050  0.007334  0.000300  0.029145  0.000825  0.072984  0.007711  0.029143  0.007260  0.388706 
 0.266187  0.000000  0.000000  0.014388  0.000000  0.043165  0.014388  0.007194  0.000000  0.000000  0.014388  0.000000  0.007194  0.007194  0.000000  0.568345  0.050360  0.000000  0.007194  0.000000 
 0.014388  0.000000  0.050360  0.064748  0.000000  0.050360  0.172662  0.000000  0.000000  0.035971  0.007194  0.021583  0.014388  0.007194  0.000000  0.237410  0.258993  0.021583  0.043165  0.000000 
 0.093525  0.000000  0.064748  0.071942  0.021583  0.280576  0.021583  0.000000  0.093525  0.064748  0.007194  0.021583  0.028777  0.028777  0.007194  0.007194  0.064748  0.028777  0.057554  0.035971 
